base:
  m_guid: 8e9c9670ea9499e47f6ecb348b
  m_importer: animation
  m_source: ""
  m_name: Arm.R_animation
  m_importer_type: 12489485533679399507
anim:
  vert_name: Arm.R_animation
  m_id: -999466079
  m_positions:
    0:
      x: -0.106769152
      y: 1.46655273
      z: 1.11683798
    6:
      x: -0.106769152
      y: 1.46655273
      z: 1.11683798
  m_rotations:
    0:
      x: 0.211723909
      y: 0.974139273
      z: -0.0771495849
      w: 0.0165403765
    6:
      x: 0.211723909
      y: 0.974139273
      z: -0.0771495849
      w: 0.0165403765
  m_scales:
    0:
      x: 1
      y: 1.00000024
      z: 1.00000095
    6:
      x: 1
      y: 1.00000024
      z: 1.00000095