base:
  m_guid: 8e9c957179b9e80e3e07f544ef
  m_importer: animation
  m_source: ""
  m_name: Arm.L_animation
  m_importer_type: 12489485533679399507
anim:
  vert_name: Arm.L_animation
  m_id: -999466079
  m_positions:
    0:
      x: -0.106769048
      y: 1.46655273
      z: -1.11683798
    6:
      x: -0.106769048
      y: 1.46655273
      z: -1.11683798
  m_rotations:
    0:
      x: 0.0771496668
      y: 0.01654041
      z: -0.2117237
      w: 0.974139333
    6:
      x: 0.0771496668
      y: 0.01654041
      z: -0.2117237
      w: 0.974139333
  m_scales:
    0:
      x: 1.00000024
      y: 1.00000012
      z: 1.00000095
    6:
      x: 1.00000024
      y: 1.00000012
      z: 1.00000095